-1.79 0.57 0.55 0
0.62 0.73 0.55 1
1.82 1.60 -1.57 1
0.45 -0.54 1.60 1
-0.59 -1.22 1.60 0
1.48 -1.04 -0.51 1
-0.24 -1.09 -1.57 1
-1.62 -0.83 -0.51 0
-0.41 -0.01 0.55 1
0.96 1.39 -0.51 0
1.82 1.60 1.60 0
-1.27 -0.46 -1.57 0
1.48 1.60 -1.57 1
0.96 -0.83 -0.51 0
0.96 1.60 -1.57 1
-0.93 0.12 0.55 0
1.65 1.26 1.60 0
-1.96 -2.20 0.55 0
1.82 0.94 -0.51 0
-0.41 1.10 -1.57 1
-0.76 -0.59 0.55 0
0.62 0.63 -0.51 1
0.10 -1.51 1.60 0
0.79 -0.54 1.60 0
1.48 -0.11 -0.51 1
1.82 0.71 -1.57 1
0.28 0.57 -1.57 1
-0.59 0.92 1.60 1
1.65 -0.46 -0.51 1
-0.59 -0.27 -1.57 0
-0.41 1.02 1.60 0
0.10 0.02 0.55 0
1.82 1.60 0.55 1
-1.96 -0.67 -1.57 0
-1.62 -0.91 -0.51 0
-0.07 -0.38 -1.57 0
-0.59 -1.30 0.55 0
-0.59 -1.88 0.55 1
-0.07 -0.19 -0.51 1
0.10 -0.64 -0.51 1
-0.76 -0.22 0.55 0
0.96 -1.20 -0.51 0
-1.10 0.15 0.55 1
-0.07 0.18 -0.51 1
-0.76 -1.12 1.60 0
-1.27 -2.41 1.60 0
-1.62 -0.11 0.55 0
0.45 1.23 0.55 0
1.31 -0.06 1.60 0
0.79 -0.32 -0.51 1
0.62 -0.14 0.55 0
1.31 1.60 0.55 1
-0.24 -0.54 0.55 0
-1.79 -1.20 0.55 0
-1.62 0.68 -0.51 0
0.10 -1.51 1.60 0
0.28 -0.56 -0.51 1
0.45 0.73 0.55 0
0.79 1.21 0.55 1
0.10 0.52 -0.51 0
1.31 0.60 1.60 0
0.28 -0.25 -1.57 0
-0.07 0.78 -1.57 0
1.82 0.89 -1.57 0
0.45 1.60 0.55 0
-2.48 -1.25 1.60 0
-0.93 -0.01 1.60 0
-0.07 1.60 -0.51 0
1.14 0.15 1.60 0
1.14 1.60 0.55 0
-0.24 -0.09 0.55 0
1.82 1.60 0.55 1
-0.41 -0.72 -1.57 0
0.28 1.60 -1.57 1
0.96 -1.30 1.60 0
0.28 -0.85 -0.51 0
-0.76 -1.80 -0.51 0
-1.79 -1.27 1.60 0
-0.76 0.55 0.55 1
-0.59 -1.09 -0.51 0
0.10 -0.19 -0.51 0
0.10 0.23 -0.51 0
0.96 -0.30 -1.57 0
0.62 1.60 -0.51 1
0.96 1.15 -0.51 0
1.14 0.65 -1.57 1
1.82 1.34 -0.51 0
-0.07 -1.22 -0.51 0
0.62 0.12 -0.51 1
0.62 -0.17 -0.51 0
0.45 0.34 1.60 0
-0.93 0.47 -0.51 0
0.96 -1.35 -0.51 0
-1.62 -0.22 0.55 0
-2.13 -0.64 0.55 0
-0.07 0.47 0.55 0
-1.79 -0.17 1.60 0
-0.41 1.44 0.55 0
0.62 1.47 -0.51 1
1.31 -1.12 -0.51 1
0.96 0.44 -1.57 1
-0.93 -0.69 -0.51 0
-1.62 -1.22 0.55 0
-0.93 0.15 -0.51 0
0.79 -0.83 1.60 0
-1.96 -1.04 0.55 0
0.10 -0.46 -1.57 0
1.14 1.18 0.55 0
0.28 1.58 0.55 0
-1.27 0.15 -0.51 1
0.96 0.86 -0.51 0
-2.13 -1.25 0.55 0
-0.59 0.92 -0.51 1
-0.93 -1.91 -0.51 1
-0.59 -1.43 0.55 0
-0.76 -1.09 0.55 0
1.14 1.29 0.55 0
-0.41 -0.03 1.60 0
0.10 0.39 -1.57 1
1.31 0.92 1.60 0
-0.41 -0.54 -0.51 0
-1.10 -0.64 1.60 0
0.28 -0.59 -0.51 1
-0.07 0.02 -0.51 0
-0.76 -0.83 0.55 0
-0.76 0.47 0.55 0
-0.24 -0.17 1.60 0
0.28 0.02 -0.51 0
0.10 0.49 -1.57 1
0.45 1.42 -0.51 0
0.96 0.34 1.60 1
0.28 1.44 1.60 0
-1.79 0.10 0.55 0
-0.93 0.02 -0.51 0
-0.24 -1.80 0.55 0
-0.93 -1.27 -1.57 1
1.31 -0.22 -1.57 0
1.82 0.92 -1.57 1
-1.62 -0.03 -0.51 0
0.45 1.44 -0.51 1
-0.07 0.18 0.55 0
0.28 0.78 0.55 0
-0.07 -1.41 1.60 1
-0.93 0.49 -1.57 1
0.62 0.26 -0.51 0
0.96 1.13 0.55 0
0.10 -0.69 -0.51 0
0.45 0.28 -0.51 0
0.96 0.44 -0.51 1
-0.07 -0.25 -0.51 0
0.96 1.60 -1.57 0
-1.27 -0.40 1.60 0
1.14 1.00 0.55 0
-0.76 1.60 0.55 0
0.10 0.60 0.55 0
-1.62 0.31 0.55 0
-0.41 -1.54 0.55 0
0.79 0.23 0.55 0
-0.76 0.36 1.60 0
0.28 -0.06 -0.51 1
-0.59 -2.04 -0.51 0
0.28 -0.43 0.55 1
0.28 -0.17 0.55 0
-2.48 -1.01 0.55 0
0.28 1.02 0.55 0
-0.76 1.29 1.60 0
0.96 1.60 -0.51 0
-0.41 1.18 -0.51 1
-0.76 -1.59 1.60 0
-0.24 0.57 0.55 0
-0.07 -1.35 -0.51 0
-0.76 -0.11 -0.51 0
0.45 -1.20 -0.51 1
1.82 0.39 0.55 0
0.45 0.97 0.55 0
-1.79 0.52 1.60 0
0.10 0.20 -0.51 1
-0.24 0.52 -0.51 0
0.62 -0.85 0.55 0
-1.62 -0.43 1.60 1
0.10 0.63 0.55 0
-0.07 1.00 1.60 0
1.82 -0.22 0.55 0
-0.07 -0.51 -0.51 1
0.96 1.60 -1.57 1
-1.45 1.39 1.60 0
0.10 1.31 -1.57 1
1.65 1.07 0.55 1
1.31 0.39 -1.57 0
0.45 0.63 -1.57 1
-0.07 0.28 -0.51 0
1.31 -0.14 1.60 0
-0.07 -0.98 -0.51 0
-1.10 -1.38 -0.51 0
0.45 -0.03 0.55 0
0.10 0.44 -0.51 1
0.62 -1.27 0.55 1
-2.13 -1.30 -1.57 0
-1.10 0.65 -1.57 1
-1.10 -1.09 -1.57 0
-0.24 0.52 -0.51 1
-0.41 -0.30 0.55 0
0.79 1.58 0.55 0
1.82 0.20 0.55 0
1.82 -1.30 -0.51 0
1.14 0.28 0.55 1
-0.41 -0.98 1.60 0
-0.93 0.10 -0.51 0
1.14 0.07 -0.51 1
0.10 -0.30 0.55 0
-1.79 -0.03 -0.51 0
-1.45 -1.91 0.55 0
1.82 0.36 -1.57 1
0.28 -0.91 -0.51 0
0.62 0.26 -0.51 1
-0.76 -1.41 1.60 0
0.96 0.15 0.55 0
-1.27 -1.67 -0.51 0
-0.59 1.10 -1.57 1
0.79 -1.14 0.55 1
-0.41 -0.93 -1.57 0
0.79 -0.14 -0.51 0
0.79 0.65 0.55 0
0.45 0.89 0.55 0
0.62 -0.22 1.60 0
0.28 -0.48 1.60 0
-0.41 0.41 1.60 1
1.31 0.34 1.60 1
-0.59 -0.25 -0.51 1
0.28 1.47 0.55 1
-0.59 0.31 -0.51 0
0.45 1.10 -0.51 0
0.79 -0.75 -0.51 0
-1.27 -0.64 -0.51 0
-0.59 -0.54 0.55 1
0.28 1.47 0.55 1
-0.59 1.34 0.55 1
-1.79 -0.14 0.55 0
-0.24 -0.40 1.60 0
0.10 0.65 0.55 1
0.79 0.18 -0.51 1
-0.76 -1.54 0.55 0
0.45 1.47 -0.51 1
-0.41 -0.17 0.55 0
0.79 0.73 -0.51 1
0.62 -0.19 -1.57 0
-0.59 -0.72 -0.51 0
0.10 -1.09 -0.51 1
-1.10 1.00 0.55 0
-0.07 0.49 -1.57 1
0.79 -1.04 1.60 1
0.62 -0.67 -0.51 1
0.62 1.44 -0.51 0
-1.96 -0.32 0.55 0
0.62 0.15 1.60 0
-0.59 -0.77 1.60 0
-1.27 -0.01 -0.51 1
0.10 -0.22 1.60 0
1.82 -0.46 -1.57 1
1.82 -0.64 1.60 0
-1.45 -2.99 1.60 0
0.28 0.15 -0.51 1
1.82 -1.62 -0.51 0
0.79 0.81 -0.51 0
1.82 1.52 -1.57 0
-0.93 -2.23 -1.57 0
-0.59 -0.38 0.55 0
-0.24 -0.61 -1.57 0
-1.10 -0.85 -0.51 0
-0.41 0.28 -0.51 0
1.14 0.02 0.55 0
0.62 0.55 0.55 1
-1.62 -0.64 -0.51 1
0.79 1.55 -0.51 1
-3.17 -1.49 0.55 0
-0.07 0.18 1.60 0
-0.41 -0.59 -1.57 1
-0.07 0.31 -0.51 0
-0.41 -0.69 -0.51 0
-1.27 -1.09 0.55 0
-0.24 1.60 0.55 0
0.62 1.00 0.55 0
-0.59 0.68 1.60 1
-0.41 0.18 1.60 0
-2.48 -1.46 -0.51 1
-2.13 -1.04 -0.51 1
1.65 0.63 1.60 1
-0.93 0.84 1.60 1
-0.41 -0.30 -1.57 0
-1.10 -0.67 0.55 0
-1.45 -1.86 -0.51 0
-0.59 -1.83 0.55 0
0.79 -0.22 -0.51 0
-0.24 0.23 -0.51 1
1.31 1.60 0.55 0
0.62 0.52 0.55 0
-1.45 -1.14 -1.57 0
-0.24 0.10 0.55 0
-1.10 0.65 0.55 1
0.28 0.84 -1.57 1
-0.59 -0.64 0.55 0
0.28 -0.80 1.60 0
-0.41 -0.51 -1.57 0
0.62 0.20 0.55 1
-0.76 -0.43 1.60 0
-0.24 -1.96 0.55 1
-0.76 1.47 1.60 0
-0.07 -0.88 -0.51 0
-0.59 -0.11 0.55 0
-0.76 -0.96 0.55 0
0.10 -0.11 -0.51 0
-0.07 1.07 -0.51 0
0.28 -1.43 -0.51 0
1.65 1.60 -0.51 1
0.28 0.10 0.55 0
-0.07 -0.72 0.55 1
0.96 0.34 -0.51 0
-0.41 1.02 -0.51 1
1.48 -1.54 -1.57 1
0.96 -0.32 -0.51 0
1.14 -0.22 -1.57 0
-0.24 0.78 0.55 1
1.14 1.44 0.55 0
-0.59 1.60 -1.57 1
0.79 -0.67 -0.51 0
-0.24 -0.09 -1.57 1
-0.93 -1.62 0.55 0
-1.10 -1.22 0.55 0
0.28 0.63 0.55 0
-0.07 1.60 -1.57 0
1.82 1.31 -0.51 0
-0.41 1.00 -0.51 1
0.79 -2.57 -1.57 1
0.28 -0.06 -1.57 1
-0.24 1.02 -0.51 0
-0.24 0.26 1.60 0
0.28 0.63 -0.51 0
1.82 1.60 -0.51 1
0.45 -0.72 0.55 0
-0.41 -1.83 -0.51 0
0.96 0.68 -0.51 0
-0.41 0.26 -0.51 1
-0.41 0.31 -0.51 0
0.62 1.60 -1.57 0
-0.93 -2.04 -0.51 1
-1.45 -0.98 -1.57 0
1.31 1.23 -0.51 1
-0.07 -0.09 -0.51 0
0.45 -0.59 -0.51 0
0.45 0.31 -0.51 0
1.82 -0.91 -0.51 1
0.62 1.29 -0.51 1
0.10 -0.03 0.55 1
0.28 0.94 -0.51 1
-1.10 1.58 0.55 1
0.28 1.60 -0.51 0
-0.24 -0.93 0.55 0
-1.10 -2.01 -0.51 0
0.96 0.68 -0.51 0
0.10 1.31 0.55 0
